% function evaluation | noise-free fitness - Fopt (-6.211100000000e+02) | best noise-free fitness - Fopt | measured fitness | best measured fitness | x1 | x2...
1 +2.813142078e+09 +2.813142078e+09 +2.813141457e+09 +2.813141457e+09 +2.3088e+00 -8.9919e-01 -2.9229e+00 -1.6728e+00 +4.6776e+00 -4.9388e+00 +4.6370e+00 +4.3987e+00 +4.4719e+00 +4.3708e+00
3 +1.945300456e+09 +1.945300456e+09 +1.945299835e+09 +1.945299835e+09 +2.4616e+00 -6.5990e-01 -2.9703e+00 -1.6706e+00 +4.7842e+00 -5.0000e+00 +4.3468e+00 +5.0000e+00 +4.5608e+00 +4.0307e+00
219 +1.508499245e+09 +1.508499245e+09 +1.508498624e+09 +1.508498624e+09 +1.8727e+00 -5.0061e-01 -3.0555e+00 -1.5112e+00 +4.5097e+00 -5.0000e+00 +4.4586e+00 +4.6228e+00 +4.0458e+00 +3.5360e+00
3290 +9.780232567e+08 +9.780232567e+08 +9.780226356e+08 +9.780226356e+08 +1.8640e+00 -9.5826e-02 -2.3370e+00 -1.8649e+00 +4.8253e+00 -4.7029e+00 +3.8756e+00 +4.2034e+00 +4.7730e+00 +3.5879e+00
3297 +5.386036118e+08 +5.386036118e+08 +5.386029907e+08 +5.386029907e+08 +6.2490e-01 +1.7301e-01 -2.4997e+00 -2.1777e+00 +4.8737e+00 -4.5682e+00 +2.9520e+00 +3.9743e+00 +4.1001e+00 +2.8687e+00
3303 +3.885276991e+08 +3.885276991e+08 +3.885270780e+08 +3.885270780e+08 +2.1582e-01 +4.7096e-01 -2.1864e+00 -1.9476e+00 +4.7470e+00 -5.0000e+00 +2.5742e+00 +2.8620e+00 +3.8992e+00 +3.0204e+00
3311 +2.339512109e+08 +2.339512109e+08 +2.339505898e+08 +2.339505898e+08 +4.6394e-01 +1.2290e+00 -1.5549e+00 -1.9066e+00 +4.5452e+00 -4.4978e+00 +2.6408e+00 +3.2743e+00 +4.1019e+00 +2.7518e+00
3319 +1.493468773e+08 +1.493468773e+08 +1.493462562e+08 +1.493462562e+08 +2.6980e-01 +1.5718e+00 -1.5122e+00 -1.5899e+00 +4.1082e+00 -4.0514e+00 +2.2315e+00 +3.6379e+00 +4.2352e+00 +2.2033e+00
3341 +9.775105059e+07 +9.775105059e+07 +9.775042948e+07 +9.775042948e+07 +3.9705e-02 +1.7229e+00 -1.8788e+00 -1.3536e+00 +3.9282e+00 -4.2868e+00 +1.9869e+00 +2.6156e+00 +3.4585e+00 +1.4832e+00
3357 +6.256140548e+07 +6.256140548e+07 +6.256078437e+07 +6.256078437e+07 -2.1586e-01 +1.8395e+00 -1.4039e+00 -1.5265e+00 +3.9702e+00 -4.2695e+00 +1.6470e+00 +1.7435e+00 +2.8936e+00 +1.2314e+00
3362 +3.946229662e+07 +3.946229662e+07 +3.946167551e+07 +3.946167551e+07 -4.9978e-02 +1.7382e+00 -1.1107e+00 -1.8649e+00 +3.7430e+00 -3.3356e+00 +9.1662e-01 +1.8761e+00 +2.4229e+00 +1.1517e+00
3384 +2.197163122e+07 +2.197163122e+07 +2.197101011e+07 +2.197101011e+07 -2.4408e-01 +2.7879e+00 -1.3841e+00 -2.1916e+00 +4.3327e+00 -2.8845e+00 +1.1289e-01 +9.3436e-01 +1.6927e+00 +6.4491e-01
3388 +1.270540477e+07 +1.270540477e+07 +1.270478366e+07 +1.270478366e+07 +6.6002e-02 +3.3779e+00 -8.1803e-01 -1.7016e+00 +3.4161e+00 -1.3905e+00 +2.8699e-01 +1.0952e+00 +1.2399e+00 +2.7559e-01
3394 +9.089335749e+06 +9.089335749e+06 +9.088714639e+06 +9.088714639e+06 -7.8773e-01 +3.5406e+00 -5.3917e-01 -1.9668e+00 +2.5517e+00 -1.8142e+00 +9.9692e-02 +1.0129e+00 +1.9963e+00 +7.8498e-01
3407 +4.768524241e+06 +4.768524241e+06 +4.767903131e+06 +4.767903131e+06 -1.2125e+00 +3.5827e+00 -8.5645e-01 -2.3698e+00 +1.5532e+00 -2.1164e+00 +5.1553e-01 +1.8294e-01 +2.1204e+00 +9.4210e-01
3412 +3.550663874e+06 +3.550663874e+06 +3.550042764e+06 +3.550042764e+06 -1.1336e+00 +3.4230e+00 -7.9783e-01 -2.6894e+00 +1.8521e+00 -1.9040e+00 +2.9855e-01 +1.2375e-01 +2.1271e+00 +5.2482e-01
3416 +2.403033270e+06 +2.403033270e+06 +2.402412160e+06 +2.402412160e+06 -1.1451e+00 +3.0450e+00 -4.8151e-01 -2.9542e+00 +7.2196e-01 -1.9657e+00 +6.1036e-01 -2.9373e-01 +2.3922e+00 +1.5304e-03
3424 +1.476499486e+06 +1.476499486e+06 +1.475878376e+06 +1.475878376e+06 -1.0264e+00 +3.3467e+00 +1.9794e-01 -3.2792e+00 +7.6957e-01 -1.7735e+00 +6.1736e-01 -6.7273e-01 +2.0675e+00 -2.1156e-01
3429 +6.404168878e+05 +6.404168878e+05 +6.397957778e+05 +6.397957778e+05 -1.3134e+00 +3.3791e+00 -6.8078e-01 -3.4323e+00 +1.3285e+00 -1.4096e+00 +8.8923e-01 -8.7185e-01 +2.0045e+00 -4.4582e-01
3457 +2.634218164e+05 +2.634218164e+05 +2.628007064e+05 +2.628007064e+05 -1.2299e+00 +3.9505e+00 -7.2291e-01 -3.3304e+00 +1.0625e+00 -1.4952e+00 +7.2660e-01 -1.1138e+00 +2.0374e+00 -4.2631e-01
3461 +2.163000275e+05 +2.163000275e+05 +2.156789175e+05 +2.156789175e+05 -1.2779e+00 +3.9056e+00 -9.0985e-01 -3.5280e+00 +1.3140e+00 -1.6082e+00 +8.7587e-01 -9.0752e-01 +2.1346e+00 -3.6131e-01
3757 +1.431977383e+05 +1.431977383e+05 +1.425766283e+05 +1.425766283e+05 -1.1625e+00 +4.0460e+00 -8.1844e-01 -3.4621e+00 +1.0779e+00 -1.4975e+00 +1.1442e+00 -7.8983e-01 +2.0897e+00 -4.3933e-01
3981 +7.644888120e+04 +7.644888120e+04 +7.582777120e+04 +7.582777120e+04 -1.2905e+00 +4.0519e+00 -5.4703e-01 -3.4380e+00 +7.9382e-01 -1.6496e+00 +1.2390e+00 -7.0513e-01 +1.7433e+00 -6.5059e-01
5996 +5.607606104e+04 +5.607606104e+04 +5.545495104e+04 +5.545495104e+04 -1.1660e+00 +3.9398e+00 -6.7550e-01 -3.2269e+00 +1.1048e+00 -1.5999e+00 +9.9615e-01 -7.6701e-01 +1.7119e+00 -4.0873e-01
